nan	-4.675	nan	112
nan	-8.42857142857	nan	118
nan	3.11071428571	nan	132
nan	9.99285714286	nan	129
123.875	-4.675	1.8	121
127.125	-8.42857142857	16.3035714286	135
131.25	3.11071428571	13.6392857143	148
135.625	9.99285714286	2.38214285714	148
139.875	-4.675	0.8	136
139.75	-8.42857142857	-12.3214285714	119
132.25	3.11071428571	-31.3607142857	104
123.0	9.99285714286	-14.9928571429	118
116.625	-4.675	3.05	115
114.875	-8.42857142857	19.5535714286	126
120.375	3.11071428571	17.5142857143	141
127.125	9.99285714286	-2.11785714286	135
130.5	-4.675	-0.825	125
134.625	-8.42857142857	22.8035714286	149
141.125	3.11071428571	25.7642857143	170
149.125	9.99285714286	10.8821428571	170
157.625	-4.675	5.05	158
159.75	-8.42857142857	-18.3214285714	133
150.75	3.11071428571	-39.8607142857	114
140.0	9.99285714286	-9.99285714286	140
134.625	-4.675	15.05	145
135.125	-8.42857142857	23.3035714286	150
145.25	3.11071428571	29.6392857143	178
156.125	9.99285714286	-3.11785714286	163
162.375	-4.675	14.3	172
169.25	-8.42857142857	17.1785714286	178
175.375	3.11071428571	20.5142857143	199
182.5	9.99285714286	6.50714285714	199
188.5	-4.675	0.175	184
188.0	-8.42857142857	-17.5714285714	162
179.375	3.11071428571	-36.4857142857	146
168.625	9.99285714286	-12.6178571429	166
162.875	-4.675	12.8	171
163.5	-8.42857142857	24.9285714286	180
171.625	3.11071428571	18.2642857143	193
179.375	9.99285714286	-8.36785714286	181
182.75	-4.675	4.925	183
189.0	-8.42857142857	37.4285714286	218
198.375	3.11071428571	28.5142857143	230
210.625	9.99285714286	21.3821428571	242
221.5	-4.675	-7.825	209
221.375	-8.42857142857	-21.9464285714	191
210.75	3.11071428571	-41.8607142857	172
197.5	9.99285714286	-13.4928571429	194
189.875	-4.675	10.8	196
188.875	-8.42857142857	15.5535714286	196
197.5	3.11071428571	35.3892857143	236
210.625	9.99285714286	14.3821428571	235
219.875	-4.675	13.8	229
229.875	-8.42857142857	21.5535714286	243
239.25	3.11071428571	21.6392857143	264
247.375	9.99285714286	14.6321428571	272
253.0	-4.675	-11.325	237
250.0	-8.42857142857	-30.5714285714	211
235.5	3.11071428571	-58.6107142857	180
216.125	9.99285714286	-25.1178571429	201
203.125	-4.675	5.55	204
196.125	-8.42857142857	0.303571428571	188
200.125	3.11071428571	31.7642857143	235
210.25	9.99285714286	6.75714285714	227
217.25	-4.675	21.425	234
230.5	-8.42857142857	41.9285714286	264
248.375	3.11071428571	50.5142857143	302
265.0	9.99285714286	18.0071428571	293
276.375	-4.675	-12.7	259
275.125	-8.42857142857	-37.6964285714	229
258.375	3.11071428571	-58.4857142857	203
238.0	9.99285714286	-18.9928571429	229
227.875	-4.675	18.8	242
226.25	-8.42857142857	15.1785714286	233
234.75	3.11071428571	29.1392857143	267
247.75	9.99285714286	11.2571428571	269
256.25	-4.675	18.425	270
270.0	-8.42857142857	53.4285714286	315
292.375	3.11071428571	68.5142857143	364
314.25	9.99285714286	22.7571428571	347
329.25	-4.675	-12.575	312
329.375	-8.42857142857	-46.9464285714	274
308.375	3.11071428571	-74.4857142857	237
283.875	9.99285714286	-15.8678571429	278
271.75	-4.675	16.925	284
268.625	-8.42857142857	16.8035714286	277
279.0	3.11071428571	34.8892857143	317
293.375	9.99285714286	9.63214285714	313
302.0	-4.675	20.675	318
318.375	-8.42857142857	64.0535714286	374
342.5	3.11071428571	67.3892857143	413
366.0	9.99285714286	29.0071428571	405
382.125	-4.675	-22.45	355
378.25	-8.42857142857	-63.8214285714	306
352.0	3.11071428571	-84.1107142857	271
321.875	9.99285714286	-25.8678571429	306
304.5	-4.675	15.175	315
298.875	-8.42857142857	10.5535714286	301
308.875	3.11071428571	44.0142857143	356
324.75	9.99285714286	13.2571428571	348
335.0	-4.675	24.675	355
355.125	-8.42857142857	75.3035714286	422
383.875	3.11071428571	78.0142857143	465
412.375	9.99285714286	44.6321428571	467
433.375	-4.675	-24.7	404
430.125	-8.42857142857	-74.6964285714	347
400.75	3.11071428571	-98.8607142857	305
364.375	9.99285714286	-38.3678571429	336
340.0	-4.675	4.675	340
328.375	-8.42857142857	-1.94642857143	318
331.875	3.11071428571	27.0142857143	362
340.5	9.99285714286	-2.49285714286	348
344.875	-4.675	22.8	363
362.375	-8.42857142857	81.0535714286	435
393.125	3.11071428571	94.7642857143	491
428.875	9.99285714286	66.1321428571	505
453.625	-4.675	-44.95	404
449.25	-8.42857142857	-81.8214285714	359
417.125	3.11071428571	-110.235714286	310
373.5	9.99285714286	-46.4928571429	337
347.0	-4.675	17.675	360
339.375	-8.42857142857	11.0535714286	342
349.25	3.11071428571	53.6392857143	406
368.625	9.99285714286	17.3821428571	396
383.5	-4.675	41.175	420
407.25	-8.42857142857	73.1785714286	472
441.25	3.11071428571	103.639285714	548
479.375	9.99285714286	69.6321428571	559
505.125	-4.675	-37.45	463
502.375	-8.42857142857	-86.9464285714	407
471.0	3.11071428571	-112.110714286	362
428.5	9.99285714286	-33.4928571429	405
403.5	-4.675	18.175	417
395.75	-8.42857142857	3.67857142857	391
400.875	3.11071428571	15.0142857143	419
415.0	9.99285714286	36.0071428571	461
428.875	-4.675	47.8	472
453.75	-8.42857142857	89.6785714286	535
497.125	3.11071428571	121.764285714	622
540.625	9.99285714286	55.3821428571	606
563.25	-4.675	-50.575	508
558.5	-8.42857142857	-89.0714285714	461
520.25	3.11071428571	-133.360714286	390
469.5	9.99285714286	-47.4928571429	432
